1 6 int
1 4 main
1 5 (
1 5 )
1 5 {
3 6 int
3 4 i
3 5 ,
3 4 j
3 3 =
3 0 0
3 5 ,
3 4 isprm
3 5 ;
4 6 for
4 5 (
4 4 i
4 3 =
4 0 2
4 5 ;
4 4 i
4 3 <=
4 0 100
4 5 ;
4 4 i
4 3 ++
4 5 )
4 5 {
5 4 isprm
5 3 =
5 0 1
5 5 ;
6 6 for
6 5 (
6 4 j
6 3 =
6 0 2
6 5 ;
6 4 j
6 3 *
6 4 j
6 3 <=
6 4 i
6 5 ;
6 4 j
6 3 ++
6 5 )
6 5 {
7 6 if
7 5 (
7 4 i
7 3 %
7 4 j
7 3 ==
7 0 0
7 5 )
7 5 {
8 4 isprm
8 3 =
8 0 0
8 5 ;
9 5 }
10 5 }
11 6 if
11 5 (
11 4 isprm
11 3 ==
11 0 1
11 5 )
11 5 {
12 6 write
12 5 (
12 4 i
12 5 )
12 5 ;
13 5 }
14 5 }
15 6 return
15 0 0
15 5 ;
16 5 }
