1 6 int
1 4 main
1 5 (
1 5 )
1 5 {
2 6 int
2 4 i
2 5 ,
2 4 j
2 5 ,
2 4 isPrime
2 5 ;
3 6 double
3 4 a
3 5 ,
3 4 b
3 5 ,
3 4 c
3 5 ,
3 4 d
3 5 ;
4 6 string
4 4 s
4 5 ;
5 4 s
5 3 =
5 2 hello
5 5 ;
7 6 for
7 5 (
7 4 i
7 3 =
7 0 2
7 5 ;
7 4 i
7 3 <=
7 0 100
7 5 ;
7 4 i
7 3 ++
7 5 )
7 5 {
8 4 isPrime
8 3 =
8 0 1
8 5 ;
9 6 for
9 5 (
9 4 j
9 3 =
9 0 2
9 5 ;
9 4 j
9 3 *
9 4 j
9 3 <=
9 4 i
9 5 ;
9 4 j
9 3 ++
9 5 )
9 5 {
10 6 if
10 5 (
10 4 i
10 3 %
10 4 j
10 3 ==
10 0 0
10 5 )
10 5 {
11 4 isPrime
11 3 =
11 0 0
11 5 ;
12 5 }
13 5 }
14 6 if
14 5 (
14 4 isPrime
14 3 ==
14 0 1
14 5 )
14 5 {
15 6 write
15 5 (
15 4 i
15 5 )
15 5 ;
16 5 }
17 5 }
19 6 return
19 0 0
19 5 ;
20 5 }
