0 type 	1 1
0 函数定义 	1 2
0 类型 	1 3
1 id 	0 1
2 # 	2 -1
3 id 	1 4
3 变量 	1 5
3 标志符 	1 19
4 != 	0 3
4 % 	0 3
4 && 	0 3
4 ( 	0 3
4 ) 	0 3
4 * 	0 3
4 + 	0 3
4 ++ 	0 3
4 , 	0 3
4 - 	0 3
4 -- 	0 3
4 / 	0 3
4 ; 	0 3
4 < 	0 3
4 <= 	0 3
4 = 	0 3
4 == 	0 3
4 > 	0 3
4 >= 	0 3
4 [ 	0 3
4 ] 	0 3
4 || 	0 3
5 ( 	1 6
6 ) 	0 21
6 type 	1 1
6 参数声明 	1 7
6 类型 	1 12
6 声明 	1 157
7 ) 	1 8
8 { 	1 9
9 for 	0 36
9 id 	0 36
9 if 	0 36
9 read 	0 36
9 return 	0 36
9 type 	1 1
9 while 	0 36
9 write 	0 36
9 } 	0 36
9 函数块 	1 10
9 类型 	1 12
9 声明 	1 58
9 声明语句 	1 65
9 声明语句闭包 	1 67
10 } 	1 11
11 # 	0 0
12 id 	1 4
12 变量 	1 13
12 标志符 	1 19
13 ) 	0 24
13 , 	0 24
13 ; 	0 24
13 = 	1 14
13 赋初值 	1 57
14 ( 	1 15
14 id 	1 4
14 number 	1 16
14 string 	1 17
14 { 	1 47
14 变量 	1 18
14 标志符 	1 19
14 表达式 	1 55
14 数字 	1 21
14 因式 	1 28
14 因子 	1 39
14 右值 	1 56
14 字符串 	1 24
15 ( 	1 15
15 id 	1 4
15 number 	1 16
15 string 	1 17
15 变量 	1 18
15 标志符 	1 19
15 表达式 	1 26
15 数字 	1 21
15 因式 	1 28
15 因子 	1 39
15 字符串 	1 24
16 != 	0 10
16 % 	0 10
16 && 	0 10
16 ) 	0 10
16 * 	0 10
16 + 	0 10
16 , 	0 10
16 - 	0 10
16 / 	0 10
16 ; 	0 10
16 < 	0 10
16 <= 	0 10
16 == 	0 10
16 > 	0 10
16 >= 	0 10
16 ] 	0 10
16 || 	0 10
16 } 	0 10
17 != 	0 58
17 % 	0 58
17 && 	0 58
17 ) 	0 58
17 * 	0 58
17 + 	0 58
17 , 	0 58
17 - 	0 58
17 / 	0 58
17 ; 	0 58
17 < 	0 58
17 <= 	0 58
17 == 	0 58
17 > 	0 58
17 >= 	0 58
17 ] 	0 58
17 || 	0 58
18 != 	0 7
18 % 	0 7
18 && 	0 7
18 ) 	0 7
18 * 	0 7
18 + 	0 7
18 , 	0 7
18 - 	0 7
18 / 	0 7
18 ; 	0 7
18 < 	0 7
18 <= 	0 7
18 == 	0 7
18 > 	0 7
18 >= 	0 7
18 ] 	0 7
18 || 	0 7
19 != 	0 5
19 % 	0 5
19 && 	0 5
19 ( 	0 5
19 ) 	0 5
19 * 	0 5
19 + 	0 5
19 ++ 	0 5
19 , 	0 5
19 - 	0 5
19 -- 	0 5
19 / 	0 5
19 ; 	0 5
19 < 	0 5
19 <= 	0 5
19 = 	0 5
19 == 	0 5
19 > 	0 5
19 >= 	0 5
19 [ 	1 20
19 ] 	0 5
19 || 	0 5
19 数组下标 	1 25
20 ( 	1 15
20 id 	1 4
20 number 	1 16
20 string 	1 17
20 变量 	1 18
20 标志符 	1 19
20 数字 	1 21
20 因式 	1 22
20 字符串 	1 24
21 != 	0 8
21 % 	0 8
21 && 	0 8
21 ) 	0 8
21 * 	0 8
21 + 	0 8
21 , 	0 8
21 - 	0 8
21 / 	0 8
21 ; 	0 8
21 < 	0 8
21 <= 	0 8
21 == 	0 8
21 > 	0 8
21 >= 	0 8
21 ] 	0 8
21 || 	0 8
22 ] 	1 23
23 != 	0 4
23 % 	0 4
23 && 	0 4
23 ( 	0 4
23 ) 	0 4
23 * 	0 4
23 + 	0 4
23 ++ 	0 4
23 , 	0 4
23 - 	0 4
23 -- 	0 4
23 / 	0 4
23 ; 	0 4
23 < 	0 4
23 <= 	0 4
23 = 	0 4
23 == 	0 4
23 > 	0 4
23 >= 	0 4
23 ] 	0 4
23 || 	0 4
24 != 	0 9
24 % 	0 9
24 && 	0 9
24 ) 	0 9
24 * 	0 9
24 + 	0 9
24 , 	0 9
24 - 	0 9
24 / 	0 9
24 ; 	0 9
24 < 	0 9
24 <= 	0 9
24 == 	0 9
24 > 	0 9
24 >= 	0 9
24 ] 	0 9
24 || 	0 9
25 != 	0 2
25 % 	0 2
25 && 	0 2
25 ( 	0 2
25 ) 	0 2
25 * 	0 2
25 + 	0 2
25 ++ 	0 2
25 , 	0 2
25 - 	0 2
25 -- 	0 2
25 / 	0 2
25 ; 	0 2
25 < 	0 2
25 <= 	0 2
25 = 	0 2
25 == 	0 2
25 > 	0 2
25 >= 	0 2
25 ] 	0 2
25 || 	0 2
26 ) 	1 27
27 != 	0 6
27 % 	0 6
27 && 	0 6
27 ) 	0 6
27 * 	0 6
27 + 	0 6
27 , 	0 6
27 - 	0 6
27 / 	0 6
27 ; 	0 6
27 < 	0 6
27 <= 	0 6
27 == 	0 6
27 > 	0 6
27 >= 	0 6
27 ] 	0 6
27 || 	0 6
28 != 	0 16
28 % 	1 29
28 && 	0 16
28 ) 	0 16
28 * 	1 31
28 + 	0 16
28 , 	0 16
28 - 	0 16
28 / 	1 33
28 ; 	0 16
28 < 	0 16
28 <= 	0 16
28 == 	0 16
28 > 	0 16
28 >= 	0 16
28 || 	0 16
28 因式递归 	1 38
29 ( 	1 15
29 id 	1 4
29 number 	1 16
29 string 	1 17
29 变量 	1 18
29 标志符 	1 19
29 数字 	1 21
29 因式 	1 30
29 字符串 	1 24
30 != 	0 16
30 % 	1 29
30 && 	0 16
30 ) 	0 16
30 * 	1 31
30 + 	0 16
30 , 	0 16
30 - 	0 16
30 / 	1 33
30 ; 	0 16
30 < 	0 16
30 <= 	0 16
30 == 	0 16
30 > 	0 16
30 >= 	0 16
30 || 	0 16
30 因式递归 	1 37
31 ( 	1 15
31 id 	1 4
31 number 	1 16
31 string 	1 17
31 变量 	1 18
31 标志符 	1 19
31 数字 	1 21
31 因式 	1 32
31 字符串 	1 24
32 != 	0 16
32 % 	1 29
32 && 	0 16
32 ) 	0 16
32 * 	1 31
32 + 	0 16
32 , 	0 16
32 - 	0 16
32 / 	1 33
32 ; 	0 16
32 < 	0 16
32 <= 	0 16
32 == 	0 16
32 > 	0 16
32 >= 	0 16
32 || 	0 16
32 因式递归 	1 36
33 ( 	1 15
33 id 	1 4
33 number 	1 16
33 string 	1 17
33 变量 	1 18
33 标志符 	1 19
33 数字 	1 21
33 因式 	1 34
33 字符串 	1 24
34 != 	0 16
34 % 	1 29
34 && 	0 16
34 ) 	0 16
34 * 	1 31
34 + 	0 16
34 , 	0 16
34 - 	0 16
34 / 	1 33
34 ; 	0 16
34 < 	0 16
34 <= 	0 16
34 == 	0 16
34 > 	0 16
34 >= 	0 16
34 || 	0 16
34 因式递归 	1 35
35 != 	0 14
35 && 	0 14
35 ) 	0 14
35 + 	0 14
35 , 	0 14
35 - 	0 14
35 ; 	0 14
35 < 	0 14
35 <= 	0 14
35 == 	0 14
35 > 	0 14
35 >= 	0 14
35 || 	0 14
36 != 	0 13
36 && 	0 13
36 ) 	0 13
36 + 	0 13
36 , 	0 13
36 - 	0 13
36 ; 	0 13
36 < 	0 13
36 <= 	0 13
36 == 	0 13
36 > 	0 13
36 >= 	0 13
36 || 	0 13
37 != 	0 15
37 && 	0 15
37 ) 	0 15
37 + 	0 15
37 , 	0 15
37 - 	0 15
37 ; 	0 15
37 < 	0 15
37 <= 	0 15
37 == 	0 15
37 > 	0 15
37 >= 	0 15
37 || 	0 15
38 != 	0 12
38 && 	0 12
38 ) 	0 12
38 + 	0 12
38 , 	0 12
38 - 	0 12
38 ; 	0 12
38 < 	0 12
38 <= 	0 12
38 == 	0 12
38 > 	0 12
38 >= 	0 12
38 || 	0 12
39 != 	0 19
39 && 	0 19
39 ) 	0 19
39 + 	1 40
39 , 	0 19
39 - 	1 42
39 ; 	0 19
39 < 	0 19
39 <= 	0 19
39 == 	0 19
39 > 	0 19
39 >= 	0 19
39 || 	0 19
39 项 	1 46
40 ( 	1 15
40 id 	1 4
40 number 	1 16
40 string 	1 17
40 变量 	1 18
40 标志符 	1 19
40 数字 	1 21
40 因式 	1 28
40 因子 	1 41
40 字符串 	1 24
41 != 	0 19
41 && 	0 19
41 ) 	0 19
41 + 	1 40
41 , 	0 19
41 - 	1 42
41 ; 	0 19
41 < 	0 19
41 <= 	0 19
41 == 	0 19
41 > 	0 19
41 >= 	0 19
41 || 	0 19
41 项 	1 45
42 ( 	1 15
42 id 	1 4
42 number 	1 16
42 string 	1 17
42 变量 	1 18
42 标志符 	1 19
42 数字 	1 21
42 因式 	1 28
42 因子 	1 43
42 字符串 	1 24
43 != 	0 19
43 && 	0 19
43 ) 	0 19
43 + 	1 40
43 , 	0 19
43 - 	1 42
43 ; 	0 19
43 < 	0 19
43 <= 	0 19
43 == 	0 19
43 > 	0 19
43 >= 	0 19
43 || 	0 19
43 项 	1 44
44 != 	0 18
44 && 	0 18
44 ) 	0 18
44 , 	0 18
44 ; 	0 18
44 < 	0 18
44 <= 	0 18
44 == 	0 18
44 > 	0 18
44 >= 	0 18
44 || 	0 18
45 != 	0 17
45 && 	0 17
45 ) 	0 17
45 , 	0 17
45 ; 	0 17
45 < 	0 17
45 <= 	0 17
45 == 	0 17
45 > 	0 17
45 >= 	0 17
45 || 	0 17
46 != 	0 11
46 && 	0 11
46 ) 	0 11
46 , 	0 11
46 ; 	0 11
46 < 	0 11
46 <= 	0 11
46 == 	0 11
46 > 	0 11
46 >= 	0 11
46 || 	0 11
47 number 	1 16
47 多个数据 	1 48
47 数字 	1 50
48 } 	1 49
49 ) 	0 26
49 , 	0 26
49 ; 	0 26
50 , 	1 51
50 } 	0 31
50 数字闭包 	1 54
51 number 	1 16
51 数字 	1 52
52 , 	1 51
52 } 	0 31
52 数字闭包 	1 53
53 } 	0 30
54 } 	0 27
55 ) 	0 25
55 , 	0 25
55 ; 	0 25
56 ) 	0 23
56 , 	0 23
56 ; 	0 23
57 ) 	0 22
57 , 	0 22
58 , 	1 59
58 ; 	0 29
58 变量闭包 	1 63
59 id 	1 4
59 变量 	1 60
59 标志符 	1 19
60 ) 	0 24
60 , 	0 24
60 ; 	0 24
60 = 	1 14
60 赋初值 	1 61
61 , 	1 59
61 ; 	0 29
61 变量闭包 	1 62
62 ; 	0 28
63 ; 	1 64
64 for 	0 37
64 id 	0 37
64 if 	0 37
64 read 	0 37
64 return 	0 37
64 type 	0 37
64 while 	0 37
64 write 	0 37
64 } 	0 37
65 for 	0 36
65 id 	0 36
65 if 	0 36
65 read 	0 36
65 return 	0 36
65 type 	1 1
65 while 	0 36
65 write 	0 36
65 } 	0 36
65 类型 	1 12
65 声明 	1 58
65 声明语句 	1 65
65 声明语句闭包 	1 66
66 for 	0 35
66 id 	0 35
66 if 	0 35
66 read 	0 35
66 return 	0 35
66 while 	0 35
66 write 	0 35
66 } 	0 35
67 for 	1 68
67 for循环 	1 110
67 id 	1 4
67 if 	1 111
67 read 	1 123
67 return 	1 128
67 while 	1 131
67 while循环 	1 138
67 write 	1 139
67 } 	0 45
67 变量 	1 70
67 标志符 	1 19
67 读语句 	1 144
67 赋值函数 	1 145
67 函数返回 	1 146
67 函数块闭包 	1 156
67 条件语句 	1 148
67 写语句 	1 150
68 ( 	1 69
69 id 	1 4
69 变量 	1 70
69 标志符 	1 19
69 赋值函数 	1 87
70 ( 	1 71
70 = 	1 83
70 赋值或函数调用 	1 86
71 id 	1 4
71 number 	1 16
71 string 	1 17
71 标志符 	1 72
71 参数 	1 73
71 参数列表 	1 80
71 数字 	1 77
71 字符串 	1 78
72 ) 	0 55
72 , 	0 55
73 ) 	0 54
73 , 	1 74
73 参数闭包 	1 79
74 id 	1 4
74 number 	1 16
74 string 	1 17
74 标志符 	1 72
74 参数 	1 75
74 数字 	1 77
74 字符串 	1 78
75 ) 	0 54
75 , 	1 74
75 参数闭包 	1 76
76 ) 	0 53
77 ) 	0 56
77 , 	0 56
78 ) 	0 57
78 , 	0 57
79 ) 	0 52
80 ) 	1 81
81 ; 	1 82
82 ( 	0 51
82 for 	0 51
82 id 	0 51
82 if 	0 51
82 number 	0 51
82 read 	0 51
82 return 	0 51
82 string 	0 51
82 while 	0 51
82 write 	0 51
82 } 	0 51
83 ( 	1 15
83 id 	1 4
83 number 	1 16
83 string 	1 17
83 { 	1 47
83 变量 	1 18
83 标志符 	1 19
83 表达式 	1 55
83 数字 	1 21
83 因式 	1 28
83 因子 	1 39
83 右值 	1 84
83 字符串 	1 24
84 ; 	1 85
85 ( 	0 50
85 for 	0 50
85 id 	0 50
85 if 	0 50
85 number 	0 50
85 read 	0 50
85 return 	0 50
85 string 	0 50
85 while 	0 50
85 write 	0 50
85 } 	0 50
86 ( 	0 49
86 for 	0 49
86 id 	0 49
86 if 	0 49
86 number 	0 49
86 read 	0 49
86 return 	0 49
86 string 	0 49
86 while 	0 49
86 write 	0 49
86 } 	0 49
87 ( 	1 15
87 id 	1 4
87 number 	1 16
87 string 	1 17
87 变量 	1 18
87 标志符 	1 19
87 表达式 	1 88
87 逻辑表达式 	1 99
87 数字 	1 21
87 因式 	1 28
87 因子 	1 39
87 字符串 	1 24
88 != 	1 89
88 && 	1 90
88 < 	1 91
88 <= 	1 92
88 == 	1 93
88 > 	1 94
88 >= 	1 95
88 || 	1 96
88 逻辑运算符 	1 97
89 ( 	0 64
89 id 	0 64
89 number 	0 64
89 string 	0 64
90 ( 	0 67
90 id 	0 67
90 number 	0 67
90 string 	0 67
91 ( 	0 61
91 id 	0 61
91 number 	0 61
91 string 	0 61
92 ( 	0 66
92 id 	0 66
92 number 	0 66
92 string 	0 66
93 ( 	0 63
93 id 	0 63
93 number 	0 63
93 string 	0 63
94 ( 	0 62
94 id 	0 62
94 number 	0 62
94 string 	0 62
95 ( 	0 65
95 id 	0 65
95 number 	0 65
95 string 	0 65
96 ( 	0 68
96 id 	0 68
96 number 	0 68
96 string 	0 68
97 ( 	1 15
97 id 	1 4
97 number 	1 16
97 string 	1 17
97 变量 	1 18
97 标志符 	1 19
97 表达式 	1 98
97 数字 	1 21
97 因式 	1 28
97 因子 	1 39
97 字符串 	1 24
98 ) 	0 60
98 ; 	0 60
99 ; 	1 100
100 id 	1 4
100 变量 	1 101
100 标志符 	1 19
100 后缀表达式 	1 105
101 ++ 	1 102
101 -- 	1 103
101 后缀运算符 	1 104
102 ) 	0 70
103 ) 	0 71
104 ) 	0 69
105 ) 	1 106
106 { 	1 107
107 for 	0 36
107 id 	0 36
107 if 	0 36
107 read 	0 36
107 return 	0 36
107 type 	1 1
107 while 	0 36
107 write 	0 36
107 } 	0 36
107 函数块 	1 108
107 类型 	1 12
107 声明 	1 58
107 声明语句 	1 65
107 声明语句闭包 	1 67
108 } 	1 109
109 for 	0 59
109 id 	0 59
109 if 	0 59
109 read 	0 59
109 return 	0 59
109 while 	0 59
109 write 	0 59
109 } 	0 59
110 for 	1 68
110 for循环 	1 110
110 id 	1 4
110 if 	1 111
110 read 	1 123
110 return 	1 128
110 while 	1 131
110 while循环 	1 138
110 write 	1 139
110 } 	0 45
110 变量 	1 70
110 标志符 	1 19
110 读语句 	1 144
110 赋值函数 	1 145
110 函数返回 	1 146
110 函数块闭包 	1 155
110 条件语句 	1 148
110 写语句 	1 150
111 ( 	1 112
112 ( 	1 15
112 id 	1 4
112 number 	1 16
112 string 	1 17
112 变量 	1 18
112 标志符 	1 19
112 表达式 	1 88
112 逻辑表达式 	1 113
112 数字 	1 21
112 因式 	1 28
112 因子 	1 39
112 字符串 	1 24
113 ) 	1 114
114 { 	1 115
115 for 	0 36
115 id 	0 36
115 if 	0 36
115 read 	0 36
115 return 	0 36
115 type 	1 1
115 while 	0 36
115 write 	0 36
115 } 	0 36
115 函数块 	1 116
115 类型 	1 12
115 声明 	1 58
115 声明语句 	1 65
115 声明语句闭包 	1 67
116 } 	1 117
117 else 	1 118
117 for 	0 74
117 id 	0 74
117 if 	0 74
117 read 	0 74
117 return 	0 74
117 while 	0 74
117 write 	0 74
117 } 	0 74
117 否则语句 	1 122
118 { 	1 119
119 for 	0 36
119 id 	0 36
119 if 	0 36
119 read 	0 36
119 return 	0 36
119 type 	1 1
119 while 	0 36
119 write 	0 36
119 } 	0 36
119 函数块 	1 120
119 类型 	1 12
119 声明 	1 58
119 声明语句 	1 65
119 声明语句闭包 	1 67
120 } 	1 121
121 for 	0 73
121 id 	0 73
121 if 	0 73
121 read 	0 73
121 return 	0 73
121 while 	0 73
121 write 	0 73
121 } 	0 73
122 for 	0 72
122 id 	0 72
122 if 	0 72
122 read 	0 72
122 return 	0 72
122 while 	0 72
122 write 	0 72
122 } 	0 72
123 ( 	1 124
124 ( 	1 15
124 id 	1 4
124 number 	1 16
124 string 	1 17
124 变量 	1 18
124 标志符 	1 19
124 数字 	1 21
124 因式 	1 125
124 字符串 	1 24
125 ) 	1 126
126 ; 	1 127
127 for 	0 46
127 id 	0 46
127 if 	0 46
127 read 	0 46
127 return 	0 46
127 while 	0 46
127 write 	0 46
127 } 	0 46
128 ( 	1 15
128 id 	1 4
128 number 	1 16
128 string 	1 17
128 变量 	1 18
128 标志符 	1 19
128 数字 	1 21
128 因式 	1 129
128 字符串 	1 24
129 ; 	1 130
130 for 	0 75
130 id 	0 75
130 if 	0 75
130 read 	0 75
130 return 	0 75
130 while 	0 75
130 write 	0 75
130 } 	0 75
131 ( 	1 132
132 ( 	1 15
132 id 	1 4
132 number 	1 16
132 string 	1 17
132 变量 	1 18
132 标志符 	1 19
132 表达式 	1 88
132 逻辑表达式 	1 133
132 数字 	1 21
132 因式 	1 28
132 因子 	1 39
132 字符串 	1 24
133 ) 	1 134
134 { 	1 135
135 for 	0 36
135 id 	0 36
135 if 	0 36
135 read 	0 36
135 return 	0 36
135 type 	1 1
135 while 	0 36
135 write 	0 36
135 } 	0 36
135 函数块 	1 136
135 类型 	1 12
135 声明 	1 58
135 声明语句 	1 65
135 声明语句闭包 	1 67
136 } 	1 137
137 for 	0 48
137 id 	0 48
137 if 	0 48
137 read 	0 48
137 return 	0 48
137 while 	0 48
137 write 	0 48
137 } 	0 48
138 for 	1 68
138 for循环 	1 110
138 id 	1 4
138 if 	1 111
138 read 	1 123
138 return 	1 128
138 while 	1 131
138 while循环 	1 138
138 write 	1 139
138 } 	0 45
138 变量 	1 70
138 标志符 	1 19
138 读语句 	1 144
138 赋值函数 	1 145
138 函数返回 	1 146
138 函数块闭包 	1 154
138 条件语句 	1 148
138 写语句 	1 150
139 ( 	1 140
140 ( 	1 15
140 id 	1 4
140 number 	1 16
140 string 	1 17
140 变量 	1 18
140 标志符 	1 19
140 数字 	1 21
140 因式 	1 141
140 字符串 	1 24
141 ) 	1 142
142 ; 	1 143
143 for 	0 47
143 id 	0 47
143 if 	0 47
143 read 	0 47
143 return 	0 47
143 while 	0 47
143 write 	0 47
143 } 	0 47
144 for 	1 68
144 for循环 	1 110
144 id 	1 4
144 if 	1 111
144 read 	1 123
144 return 	1 128
144 while 	1 131
144 while循环 	1 138
144 write 	1 139
144 } 	0 45
144 变量 	1 70
144 标志符 	1 19
144 读语句 	1 144
144 赋值函数 	1 145
144 函数返回 	1 146
144 函数块闭包 	1 153
144 条件语句 	1 148
144 写语句 	1 150
145 for 	1 68
145 for循环 	1 110
145 id 	1 4
145 if 	1 111
145 read 	1 123
145 return 	1 128
145 while 	1 131
145 while循环 	1 138
145 write 	1 139
145 } 	0 45
145 变量 	1 70
145 标志符 	1 19
145 读语句 	1 144
145 赋值函数 	1 145
145 函数返回 	1 146
145 函数块闭包 	1 152
145 条件语句 	1 148
145 写语句 	1 150
146 for 	1 68
146 for循环 	1 110
146 id 	1 4
146 if 	1 111
146 read 	1 123
146 return 	1 128
146 while 	1 131
146 while循环 	1 138
146 write 	1 139
146 } 	0 45
146 变量 	1 70
146 标志符 	1 19
146 读语句 	1 144
146 赋值函数 	1 145
146 函数返回 	1 146
146 函数块闭包 	1 147
146 条件语句 	1 148
146 写语句 	1 150
147 } 	0 44
148 for 	1 68
148 for循环 	1 110
148 id 	1 4
148 if 	1 111
148 read 	1 123
148 return 	1 128
148 while 	1 131
148 while循环 	1 138
148 write 	1 139
148 } 	0 45
148 变量 	1 70
148 标志符 	1 19
148 读语句 	1 144
148 赋值函数 	1 145
148 函数返回 	1 146
148 函数块闭包 	1 149
148 条件语句 	1 148
148 写语句 	1 150
149 } 	0 41
150 for 	1 68
150 for循环 	1 110
150 id 	1 4
150 if 	1 111
150 read 	1 123
150 return 	1 128
150 while 	1 131
150 while循环 	1 138
150 write 	1 139
150 } 	0 45
150 变量 	1 70
150 标志符 	1 19
150 读语句 	1 144
150 赋值函数 	1 145
150 函数返回 	1 146
150 函数块闭包 	1 151
150 条件语句 	1 148
150 写语句 	1 150
151 } 	0 43
152 } 	0 38
153 } 	0 42
154 } 	0 40
155 } 	0 39
156 } 	0 34
157 ) 	0 33
157 , 	1 158
157 声明闭包 	1 161
158 type 	1 1
158 类型 	1 12
158 声明 	1 159
159 ) 	0 33
159 , 	1 158
159 声明闭包 	1 160
160 ) 	0 32
161 ) 	0 20
